# Router EpidemicRouter
500,500 0.99 0.0000


500,500 0.98 0.0058


500,500 0.98 0.0047


500,500 0.98 0.0045


500,500 0.98 0.0040


1000,1000 0.76 0.0000


1000,1000 0.77 0.0147


1000,1000 0.77 0.0160


1000,1000 0.77 0.0145


1000,1000 0.77 0.0144


1500,1500 0.49 0.0000


1500,1500 0.48 0.0134


1500,1500 0.49 0.0199


1500,1500 0.49 0.0177


1500,1500 0.49 0.0159


# Router SprayAndWaitRouter
500,500 0.98 0.0000


500,500 0.97 0.0006


500,500 0.97 0.0006


500,500 0.98 0.0030


500,500 0.98 0.0041


1000,1000 0.89 0.0000


1000,1000 0.89 0.0083


1000,1000 0.89 0.0073


1000,1000 0.89 0.0084


1000,1000 0.89 0.0080


1500,1500 0.63 0.0000


1500,1500 0.61 0.0276


1500,1500 0.62 0.0254


1500,1500 0.61 0.0254


1500,1500 0.61 0.0229


